NP_212986.1 191 210 210 223
NP_212987.1 8 7 10 4
NP_212988.1 32 38 29 38
NP_212989.1 70 65 106 83
NP_212990.1 67 76 52 92
NP_212991.1 52 36 18 27
NP_212992.1 66 59 85 106
NP_212993.1 63 58 71 64
NP_212994.1 31 35 30 34
NP_212995.1 63 74 69 41
NP_212996.1 41 28 54 30
NP_212997.1 22 27 22 28
NP_212998.1 33 26 34 33
NP_212999.1 82 98 89 78
NP_213000.1 78 51 34 41
NP_213001.1 92 118 96 91
NP_213002.1 108 131 131 126
NP_213003.1 109 105 75 92
NP_213004.1 0 0 1 0
NP_213005.1 56 67 47 50
NP_213006.1 167 184 171 198
NP_213007.1 42 30 52 64
NP_213008.1 121 154 97 132
NP_213009.1 157 154 123 135
NP_213010.1 157 146 180 155
NP_213011.1 149 136 129 117
NP_213012.1 29 44 41 63
NP_213013.1 58 73 70 45
NP_213014.1 81 72 103 87
NP_213015.1 57 74 54 56
NP_213016.1 132 102 164 103
NP_213017.1 25 30 39 50
NP_213018.1 66 57 44 73
NP_213019.1 104 138 116 123
NP_213020.1 48 64 56 40
NP_213021.1 96 126 77 91
NP_213022.1 29 35 32 31
NP_213023.1 281 279 278 262
NP_213024.1 50 94 104 82
NP_213025.1 112 103 128 114
NP_213026.1 69 63 61 83
NP_213027.1 60 59 71 89
NP_213028.1 43 25 54 47
NP_213029.1 64 74 57 86
NP_213030.1 53 41 33 36
NP_213032.1 41 52 52 35
NP_213033.1 75 98 88 100
NP_213034.1 33 18 34 27
NP_213035.1 50 34 31 29
NP_213036.1 28 19 19 8
NP_213037.1 22 21 14 28
NP_213038.1 28 13 19 36
NP_213039.1 124 97 106 131
NP_213040.1 142 98 100 123
NP_213041.1 50 52 42 72
NP_213042.1 27 34 41 18
NP_213043.1 131 101 80 106
NP_213044.1 53 74 66 55
NP_213045.1 38 35 32 25
NP_213046.1 39 26 26 32
NP_213047.1 21 23 7 17
NP_213048.1 30 23 21 22
NP_213049.1 70 78 65 128
NP_213050.1 62 66 58 79
NP_213051.1 120 181 125 145
NP_213052.1 14 27 14 24
NP_213053.1 74 129 136 139
NP_213054.1 82 55 62 58
NP_213055.1 107 113 81 94
NP_213056.1 90 103 83 58
NP_213057.1 87 56 64 44
NP_213058.1 29 40 46 25
NP_213059.1 20 31 33 30
NP_213060.1 45 51 39 51
NP_213061.1 185 129 181 142
NP_213062.1 229 308 265 233
NP_213063.1 144 151 131 151
NP_213064.1 24 41 36 34
NP_213065.1 93 49 68 54
NP_213066.1 165 111 150 117
NP_213067.1 62 93 63 57
NP_213068.1 120 112 93 89
NP_213070.1 58 32 28 38
NP_213072.1 24 16 38 34
NP_213073.1 32 28 34 43
NP_213074.1 147 120 188 208
NP_213075.1 130 127 140 126
NP_213076.1 109 100 84 93
NP_213077.1 39 28 33 63
NP_213078.1 173 165 149 154
NP_213079.1 142 141 150 120
NP_213080.1 54 87 55 60
NP_213081.1 102 87 95 107
NP_213082.1 106 129 126 128
NP_213083.1 33 30 34 50
NP_213084.1 3 7 6 5
NP_213085.1 46 34 45 40
NP_213086.1 61 47 43 41
NP_213087.1 90 101 108 88
NP_213088.1 150 153 149 171
NP_213089.1 45 48 37 33
NP_213090.1 52 40 56 57
NP_213091.1 75 42 38 58
NP_213092.1 73 118 95 96
NP_213093.1 88 111 86 112
NP_213094.1 116 104 84 118
NP_213095.1 90 90 96 94
NP_213096.1 33 33 36 30
NP_213097.1 44 44 55 37
NP_213098.1 93 103 87 90
NP_213099.1 89 92 92 88
NP_213100.1 65 63 58 58
NP_213101.1 60 58 96 67
NP_213102.1 33 48 47 47
NP_213103.1 80 92 73 86
NP_213104.1 81 64 113 75
NP_213105.1 110 116 128 131
NP_213106.1 41 26 28 50
NP_213107.1 42 45 42 56
NP_213108.1 34 30 58 41
NP_213110.1 41 46 30 43
NP_213111.1 127 154 174 137
NP_213112.1 51 70 64 72
NP_213113.1 95 65 78 60
NP_213114.1 47 48 54 57
NP_213117.1 151 120 117 140
NP_213118.1 92 68 93 66
NP_213119.1 68 51 62 44
NP_213120.1 70 65 90 63
NP_213121.1 155 154 161 161
NP_213122.1 15 7 17 13
NP_213123.1 12 12 15 9
NP_213124.1 17 25 49 29
NP_213125.1 43 42 57 58
NP_213126.1 65 61 78 79
NP_213127.1 65 71 87 65
NP_213128.1 77 55 90 62
NP_213129.1 148 124 128 104
NP_213130.1 17 23 13 20
NP_213132.1 46 45 63 47
NP_213133.1 119 139 140 152
NP_213134.1 131 121 135 123
NP_213135.1 38 41 37 49
NP_213136.1 81 118 92 92
NP_213137.1 118 163 97 103
NP_213138.1 90 100 103 102
NP_213139.1 78 65 61 45
NP_213140.1 51 62 43 60
NP_213141.1 96 120 132 122
NP_213142.1 108 89 73 103
NP_213143.1 327 297 301 287
NP_213144.1 77 91 85 58
NP_213145.1 88 99 85 130
NP_213146.1 62 39 47 58
NP_213147.1 47 48 26 56
NP_213148.1 52 39 57 88
NP_213149.1 148 161 141 149
NP_213150.1 221 200 213 253
NP_213152.1 42 35 20 53
NP_213153.1 268 226 237 225
NP_213154.1 36 41 28 31
NP_213155.1 216 179 226 222
NP_213156.1 130 165 169 141
NP_213157.1 129 111 120 87
NP_213158.1 146 191 123 141
NP_213159.1 69 58 75 74
NP_213160.1 125 184 115 94
NP_213161.1 164 139 181 161
NP_213162.1 55 36 70 56
NP_213163.1 51 54 71 77
NP_213164.1 90 95 86 89
NP_213165.1 261 243 238 217
NP_213166.1 160 129 161 133
NP_213167.1 120 105 102 86
NP_213168.1 88 130 113 146
NP_213169.1 84 95 89 125
NP_213170.1 132 134 120 140
NP_213171.1 40 44 40 45
NP_213172.1 80 73 62 58
NP_213173.1 35 42 43 39
NP_213174.1 56 52 60 50
NP_213175.1 54 45 49 38
NP_213176.1 50 61 61 58
NP_213177.1 124 97 114 101
NP_213178.1 124 115 113 93
NP_213179.1 57 41 37 38
NP_213180.1 57 79 66 40
NP_213181.1 71 103 74 77
NP_213182.1 61 67 89 62
NP_213183.1 92 148 90 111
NP_213184.1 120 132 137 129
NP_213185.1 53 48 49 44
NP_213186.1 55 32 48 49
NP_213187.1 92 91 75 91
NP_213188.1 115 148 102 100
NP_213189.1 60 35 52 48
NP_213190.1 108 136 131 100
NP_213191.1 69 66 70 50
NP_213192.1 130 133 172 145
NP_213195.1 66 45 49 50
NP_213196.1 81 74 56 68
NP_213197.1 54 45 52 45
NP_213198.1 101 132 136 154
NP_213199.1 53 51 23 65
NP_213200.1 53 40 39 27
NP_213201.1 95 84 86 84
NP_213202.1 134 128 184 162
NP_213203.1 32 49 50 34
NP_213204.1 99 83 123 115
NP_213205.1 134 140 131 108
NP_213206.1 87 66 66 64
NP_213207.1 128 124 128 117
NP_213208.1 136 187 170 180
NP_213209.1 28 25 24 36
NP_213210.1 112 71 115 115
NP_213211.1 290 262 266 292
NP_213212.1 261 273 228 243
NP_213213.1 78 75 77 89
NP_213214.1 106 93 110 73
NP_213215.1 57 49 36 62
NP_213216.1 83 96 93 109
NP_213217.1 50 50 71 49
NP_213218.1 79 48 43 69
NP_213219.1 143 151 133 102
NP_213220.1 132 97 110 108
NP_213221.1 78 72 82 91
NP_213222.1 71 61 79 74
NP_213223.1 101 119 98 118
NP_213224.1 85 76 67 70
NP_213225.1 54 41 35 65
NP_213226.1 78 116 75 74
NP_213227.1 115 88 95 123
NP_213229.1 73 57 83 128
NP_213230.1 54 76 63 87
NP_213231.1 241 175 161 176
NP_213232.1 44 56 36 55
NP_213233.1 84 72 92 55
NP_213234.1 94 123 89 85
NP_213235.1 111 85 115 87
NP_213236.1 153 147 182 167
NP_213237.1 55 37 46 66
NP_213239.1 127 130 112 109
NP_213240.1 173 200 178 183
NP_213241.1 69 79 75 100
NP_213242.1 159 175 155 135
NP_213243.1 31 13 39 20
NP_213244.1 167 199 211 185
NP_213245.1 100 97 93 127
NP_213246.1 83 85 79 75
NP_213247.1 50 86 102 80
NP_213248.1 34 57 31 41
NP_213249.1 26 47 37 39
NP_213250.1 181 167 164 224
NP_213251.1 285 310 264 280
NP_213252.1 107 76 108 76
NP_213253.1 19 55 44 68
NP_213254.1 200 195 210 203
NP_213255.1 138 171 178 128
NP_213256.1 46 69 45 52
NP_213257.1 115 116 105 100
NP_213258.1 99 96 106 103
NP_213259.1 47 26 30 37
NP_213260.1 138 154 119 118
NP_213261.1 138 78 90 95
NP_213262.1 106 80 89 96
NP_213263.1 73 94 66 68
NP_213264.1 61 74 56 72
NP_213265.1 31 41 31 45
NP_213266.1 102 74 94 91
NP_213267.1 83 92 109 132
NP_213268.1 155 159 209 204
NP_213269.1 94 88 90 93
NP_213270.1 58 60 79 67
NP_213271.1 36 51 49 44
NP_213272.1 80 72 71 76
NP_213275.1 142 131 76 148
NP_213276.1 62 61 59 59
NP_213277.1 80 81 72 83
NP_213278.1 119 109 96 84
NP_213279.1 30 40 40 45
NP_213280.1 39 44 34 31
NP_213281.1 113 148 97 106
NP_213282.1 110 94 104 82
NP_213283.1 94 89 102 93
NP_213284.1 80 46 53 54
NP_213285.1 50 31 31 48
NP_213286.1 122 81 59 88
NP_213287.1 123 102 109 98
NP_213288.1 250 203 245 241
NP_213289.1 61 67 101 73
NP_213290.1 110 141 130 148
NP_213291.1 95 86 109 139
NP_213292.1 103 81 83 89
NP_213293.1 57 62 85 75
NP_213294.1 44 55 51 40
NP_213295.1 30 56 47 29
NP_213296.1 26 29 36 29
NP_213297.1 136 146 135 97
NP_213298.1 50 30 46 33
NP_213299.1 56 66 86 62
NP_213300.1 104 134 135 117
NP_213301.1 22 35 33 39
NP_213302.1 40 49 47 53
NP_213303.1 74 59 67 97
NP_213304.1 57 61 57 53
NP_213305.1 51 62 54 75
NP_213306.1 161 136 165 99
NP_213307.1 56 66 60 63
NP_213308.1 229 191 210 158
NP_213311.1 74 64 62 91
NP_213312.1 69 55 63 42
NP_213313.1 73 69 68 89
NP_213314.1 97 103 75 69
NP_213315.1 46 47 60 45
NP_213316.1 28 14 35 32
NP_213317.1 30 30 45 30
NP_213318.1 19 35 27 27
NP_213319.1 159 174 180 204
NP_213320.1 72 71 93 67
NP_213321.1 108 118 89 103
NP_213322.1 88 94 103 100
NP_213323.1 61 46 54 32
NP_213324.1 67 36 47 51
NP_213325.1 85 38 93 75
NP_213326.1 99 167 115 137
NP_213327.1 40 24 37 46
NP_213328.1 70 66 92 98
NP_213329.1 92 154 107 118
NP_213330.1 330 289 293 306
NP_213331.1 69 64 65 76
NP_213332.1 125 99 96 112
NP_213333.1 22 46 33 38
NP_213334.1 34 34 37 17
NP_213335.1 106 142 129 156
NP_213336.1 114 145 108 132
NP_213337.1 115 83 86 103
NP_213338.1 139 104 174 106
NP_213339.1 48 68 65 85
NP_213340.1 53 45 52 35
NP_213341.1 77 72 93 64
NP_213345.1 58 53 35 46
NP_213346.1 65 59 58 55
NP_213347.1 108 137 140 132
NP_213348.1 90 90 106 81
NP_213349.1 84 67 95 78
NP_213350.1 110 65 81 89
NP_213351.1 90 103 102 110
NP_213352.1 35 29 31 33
NP_213353.1 34 31 47 39
NP_213354.1 246 220 207 207
NP_213355.1 125 146 125 129
NP_213356.2 15 32 24 36
NP_213357.1 133 144 118 112
NP_213358.1 50 71 41 47
NP_213359.1 77 73 91 83
NP_213360.1 94 88 75 73
NP_213361.1 114 117 112 125
NP_213362.1 126 98 151 128
NP_213363.1 39 36 18 30
NP_213364.1 118 99 107 118
NP_213365.1 116 72 87 105
NP_213366.1 104 79 92 79
NP_213367.1 60 75 52 49
NP_213368.1 146 158 121 121
NP_213369.1 94 129 120 112
NP_213370.1 83 73 67 56
NP_213371.1 67 55 60 47
NP_213372.1 189 188 227 178
NP_213373.1 94 92 88 57
NP_213374.1 78 68 48 82
NP_213375.1 110 84 95 120
NP_213376.1 78 94 90 73
NP_213378.1 68 79 86 80
NP_213379.1 68 77 59 64
NP_213380.1 126 127 104 160
NP_213381.1 47 52 58 61
NP_213382.1 169 127 122 136
NP_213383.1 91 79 89 81
NP_213384.1 40 45 37 47
NP_213385.1 57 54 76 48
NP_213386.1 171 187 191 159
NP_213387.1 162 133 128 142
NP_213388.1 66 60 52 80
NP_213389.1 90 62 63 64
NP_213390.1 71 114 83 63
NP_213391.1 175 166 140 212
NP_213392.1 74 70 62 70
NP_213393.1 77 61 56 61
NP_213394.1 155 153 153 178
NP_213395.1 181 203 184 179
NP_213396.1 111 80 96 81
NP_213397.1 75 71 72 68
NP_213398.1 58 39 75 57
NP_213399.1 75 58 73 62
NP_213400.1 106 98 85 122
NP_213401.1 107 125 141 129
NP_213402.1 47 47 31 45
NP_213403.1 74 70 61 67
NP_213404.1 85 90 81 56
NP_213405.1 68 44 70 62
NP_213406.1 72 85 68 72
NP_213407.1 53 25 47 74
NP_213408.1 39 67 45 67
NP_213409.1 156 147 171 157
NP_213410.1 211 239 189 175
NP_213411.1 155 107 119 144
NP_213412.1 135 165 124 105
NP_213413.1 106 73 67 76
NP_213414.1 134 112 140 141
NP_213415.1 185 157 155 180
NP_213416.1 112 109 140 152
NP_213417.1 26 41 37 44
NP_213418.1 144 102 132 123
NP_213419.1 28 48 46 43
NP_213420.1 59 47 31 80
NP_213421.1 86 87 93 70
NP_213422.1 88 72 67 79
NP_213423.1 147 129 159 148
NP_213424.1 96 116 92 107
NP_213425.1 120 133 95 125
NP_213427.1 22 40 30 34
NP_213428.1 52 49 43 65
NP_213429.1 38 57 61 43
NP_213430.1 57 69 79 97
NP_213431.1 89 67 67 60
NP_213433.1 95 100 93 98
NP_213434.1 234 219 239 203
NP_213435.1 109 101 117 109
NP_213436.1 79 79 82 88
NP_213437.1 42 55 45 44
NP_213438.1 329 382 332 271
NP_213439.1 99 116 91 75
NP_213440.1 212 222 226 209
NP_213441.1 44 46 38 52
NP_213442.1 83 100 95 70
NP_213443.1 81 107 120 86
NP_213444.1 70 116 130 122
NP_213445.1 62 63 78 87
NP_213446.1 142 111 123 131
NP_213447.1 97 164 127 163
NP_213448.1 105 92 119 121
NP_213449.1 54 51 79 65
NP_213450.1 121 136 108 125
NP_213451.1 105 86 114 92
NP_213452.1 71 50 61 74
NP_213453.1 142 180 173 155
NP_213454.1 98 84 114 102
NP_213455.1 199 161 202 186
NP_213456.1 72 69 57 61
NP_213457.1 43 75 45 55
NP_213458.1 25 38 48 41
NP_213459.1 42 28 27 40
NP_213460.1 47 47 38 43
NP_213461.1 77 64 71 89
NP_213462.1 228 243 219 224
NP_213463.1 42 33 32 36
NP_213464.1 81 72 63 75
NP_213465.1 58 50 80 57
NP_213466.1 56 53 75 40
NP_213467.1 159 178 149 138
NP_213468.1 127 101 118 129
NP_213469.1 95 54 93 53
NP_213470.1 36 44 45 50
NP_213471.1 231 298 310 270
NP_213472.1 92 91 101 112
NP_213473.1 100 121 115 158
NP_213474.1 82 74 63 83
NP_213475.1 82 108 148 108
NP_213476.1 278 381 318 400
NP_213477.1 111 122 99 139
NP_213478.1 120 129 121 114
NP_213479.1 105 100 150 124
NP_213480.1 41 26 41 55
NP_213481.1 113 76 119 107
NP_213482.1 93 87 77 86
NP_213483.1 94 104 129 156
NP_213484.1 90 98 104 102
NP_213485.1 191 211 190 233
NP_213486.1 72 46 56 36
NP_213487.1 51 64 47 38
NP_213488.1 50 58 35 49
NP_213489.1 58 88 68 64
NP_213490.1 52 82 78 71
NP_213491.1 165 100 127 139
NP_213492.1 194 196 195 235
NP_213493.1 214 224 261 225
NP_213494.1 149 101 165 153
NP_213495.1 164 129 135 135
NP_213496.1 199 192 150 187
NP_213497.1 151 133 124 111
NP_213498.1 263 257 228 260
NP_213499.1 112 80 89 83
NP_213500.1 120 113 119 88
NP_213501.1 81 95 73 85
NP_213502.1 84 61 64 94
NP_213503.1 70 44 51 79
NP_213504.1 13 15 9 9
NP_213505.1 37 45 33 51
NP_213506.1 136 149 150 175
NP_213507.1 95 106 103 105
NP_213508.1 144 121 109 145
NP_213509.1 81 94 114 78
NP_213510.1 147 110 134 149
NP_213511.1 123 103 96 96
NP_213512.1 137 121 130 113
NP_213513.1 71 77 102 94
NP_213514.1 71 75 56 66
NP_213515.1 116 94 82 99
NP_213516.1 205 211 238 150
NP_213517.1 34 32 20 15
NP_213518.1 66 119 81 80
NP_213519.1 70 78 64 106
NP_213520.1 54 43 63 51
NP_213521.1 45 34 42 54
NP_213522.1 45 28 39 37
NP_213523.1 162 164 204 205
NP_213524.1 99 94 72 85
NP_213525.1 76 86 75 91
NP_213526.1 154 148 147 114
NP_213527.1 103 95 56 77
NP_213528.1 61 67 33 46
NP_213529.1 78 97 92 101
NP_213532.1 55 82 72 65
NP_213533.1 77 85 92 98
NP_213534.1 153 131 200 161
NP_213535.1 100 89 123 96
NP_213536.1 55 46 44 47
NP_213537.1 107 129 92 118
NP_213538.1 341 261 285 294
NP_213539.1 97 121 114 104
NP_213540.1 91 89 90 128
NP_213541.1 59 42 47 75
NP_213542.1 54 45 44 48
NP_213543.1 30 34 30 32
NP_213544.1 190 230 236 208
NP_213545.1 24 42 51 34
NP_213546.1 163 147 94 112
NP_213547.1 98 105 86 115
NP_213548.1 84 104 83 83
NP_213549.1 121 104 130 95
NP_213550.1 56 66 62 60
NP_213551.1 135 130 135 109
NP_213552.1 101 100 93 106
NP_213553.1 92 90 112 89
NP_213554.1 60 50 33 58
NP_213555.1 118 98 110 90
NP_213556.1 49 32 20 37
NP_213557.1 74 85 85 110
NP_213558.1 96 125 110 86
NP_213559.1 122 118 141 147
NP_213560.1 87 82 98 101
NP_213561.1 149 125 139 141
NP_213562.1 46 48 66 71
NP_213563.1 131 139 142 150
NP_213564.1 89 77 47 66
NP_213565.1 68 93 73 72
NP_213566.1 77 68 65 48
NP_213567.1 86 77 105 91
NP_213568.1 152 172 142 159
NP_213569.1 83 75 53 94
NP_213570.1 225 184 234 159
NP_213571.1 133 106 123 164
NP_213572.1 48 60 31 37
NP_213573.1 216 226 235 193
NP_213574.1 89 122 117 106
NP_213575.1 51 90 98 108
NP_213576.1 32 26 28 32
NP_213577.1 148 127 145 117
NP_213578.1 55 33 51 51
NP_213579.1 88 98 102 97
NP_213580.1 93 82 89 74
NP_213581.1 36 37 36 34
NP_213582.1 173 157 149 162
NP_213583.1 112 128 84 87
NP_213584.1 66 58 54 41
NP_213585.1 63 67 41 131
NP_213586.1 28 23 29 27
NP_213587.1 327 294 286 279
NP_213588.1 236 238 204 218
NP_213589.1 11 16 17 24
NP_213590.1 76 112 82 108
NP_213591.1 128 114 132 133
NP_213592.1 133 107 116 138
NP_213593.1 35 11 34 18
NP_213594.1 110 96 82 108
NP_213595.1 71 76 69 68
NP_213596.1 51 37 53 54
NP_213597.1 59 52 50 54
NP_213598.1 168 191 204 213
NP_213599.1 367 417 288 329
NP_213600.1 58 38 57 52
NP_213601.1 85 77 58 71
NP_213602.1 90 117 104 123
NP_213603.1 92 93 90 90
NP_213604.1 81 77 98 74
NP_213605.1 105 110 119 101
NP_213606.1 87 114 113 92
NP_213607.1 43 51 37 44
NP_213611.1 61 94 84 102
NP_213612.1 46 41 39 67
NP_213613.1 45 37 60 50
NP_213614.1 172 125 106 133
NP_213615.1 61 72 67 57
NP_213616.1 51 54 38 41
NP_213617.1 60 57 79 92
NP_213618.1 95 72 64 51
NP_213619.1 88 89 74 61
NP_213620.1 63 48 46 71
NP_213621.1 48 29 16 42
NP_213622.1 80 77 91 74
NP_213623.1 98 88 80 85
NP_213624.1 125 127 137 130
NP_213625.1 50 34 43 46
NP_213626.1 50 48 69 56
NP_213627.1 31 34 32 16
NP_213628.1 139 133 159 124
NP_213629.1 159 189 153 147
NP_213630.1 182 191 173 212
NP_213631.1 53 79 81 81
NP_213632.1 92 86 61 78
NP_213633.1 75 57 42 69
NP_213634.1 138 153 139 133
NP_213635.1 55 34 47 53
NP_213636.1 57 45 45 27
NP_213637.1 17 16 16 19
NP_213638.1 87 55 71 62
NP_213639.1 42 57 36 47
NP_213640.1 186 233 198 198
NP_213641.1 121 124 125 133
NP_213642.1 41 44 49 27
NP_213643.1 39 59 44 70
NP_213644.1 92 86 78 85
NP_213645.1 69 54 62 60
NP_213646.1 117 80 86 88
NP_213647.1 55 47 33 37
NP_213648.1 97 107 105 123
NP_213649.1 34 49 30 25
NP_213650.1 110 76 58 99
NP_213651.1 73 93 75 58
NP_213652.1 57 43 50 37
NP_213653.1 130 139 115 110
NP_213654.1 224 231 228 253
NP_213655.1 155 163 165 174
NP_213656.1 160 129 98 140
NP_213657.1 73 59 55 77
NP_213658.1 111 108 108 87
NP_213660.1 181 225 189 161
NP_213661.1 54 78 53 55
NP_213662.1 57 64 73 55
NP_213663.1 119 126 118 92
NP_213664.1 119 139 136 120
NP_213665.1 209 147 182 125
NP_213666.1 104 93 84 79
NP_213667.1 85 98 110 120
NP_213668.1 97 113 94 96
NP_213669.1 34 51 47 36
NP_213670.1 49 51 70 55
NP_213671.1 252 257 227 191
NP_213672.1 84 79 75 86
NP_213673.1 118 156 105 138
NP_213674.1 47 22 50 50
NP_213675.1 52 74 64 44
NP_213676.1 54 47 65 58
NP_213677.1 103 76 64 78
NP_213678.1 106 106 117 99
NP_213679.1 128 129 90 119
NP_213680.1 56 58 56 46
NP_213681.1 170 193 158 172
NP_213682.1 209 258 244 266
NP_213683.1 64 109 60 65
NP_213684.1 78 76 66 72
NP_213685.1 94 58 52 78
NP_213686.1 31 34 36 38
NP_213687.1 257 291 297 318
NP_213688.1 335 383 371 359
NP_213689.1 75 94 75 58
NP_213690.1 43 42 51 56
NP_213691.1 128 129 125 118
NP_213692.1 90 129 137 123
NP_213693.1 30 49 59 41
NP_213694.1 32 44 39 36
NP_213695.1 88 105 107 116
NP_213696.1 26 35 24 52
NP_213697.1 101 97 108 98
NP_213698.1 123 102 149 104
NP_213699.1 80 96 74 72
NP_213700.1 242 236 247 242
NP_213701.1 54 31 29 36
NP_213702.1 101 86 67 79
NP_213703.1 152 148 138 115
NP_213704.1 184 178 191 143
NP_213707.1 41 38 40 46
NP_213708.1 104 99 65 78
NP_213709.1 319 296 311 333
NP_213710.1 68 86 84 87
NP_213711.1 61 63 60 46
NP_213712.1 52 55 46 65
NP_213713.1 112 78 76 89
NP_213714.1 35 52 58 47
NP_213715.1 90 150 110 96
NP_213716.1 54 73 63 78
NP_213717.1 81 97 64 92
NP_213718.1 107 112 125 136
NP_213719.1 81 61 53 39
NP_213720.1 67 42 62 59
NP_213721.1 140 119 106 107
NP_213722.1 89 97 103 126
NP_213723.1 148 141 133 162
NP_213724.1 100 117 857 882
NP_213725.1 71 94 133 110
NP_213726.1 127 152 218 152
NP_213727.1 128 99 117 80
NP_213728.1 109 98 69 67
NP_213729.1 113 108 111 108
NP_213730.1 32 55 54 56
NP_213731.1 84 78 104 109
NP_213732.1 39 38 53 61
NP_213733.1 92 142 83 90
NP_213734.1 60 74 41 85
NP_213735.1 146 136 116 130
NP_213736.1 274 263 280 268
NP_213737.1 123 177 149 170
NP_213738.1 78 90 120 104
NP_213739.1 19 35 26 24
NP_213740.1 141 145 109 124
NP_213741.1 236 222 214 224
NP_213742.1 149 149 129 126
NP_213743.1 149 156 114 127
NP_213744.1 121 115 133 102
NP_213745.1 79 71 96 75
NP_213746.1 141 208 171 159
NP_213747.1 197 138 163 158
NP_213748.1 110 109 74 88
NP_213749.1 92 98 131 101
NP_213750.1 0 0 0 0
NP_213751.1 39 43 42 79
NP_213752.1 66 119 119 94
NP_213753.1 54 66 62 74
NP_213754.1 60 119 96 111
NP_213755.1 18 12 16 14
NP_213756.1 40 32 78 44
NP_213757.1 114 145 145 134
NP_213758.1 40 40 49 48
NP_213759.1 68 69 56 55
NP_213760.1 96 130 97 88
NP_213761.1 201 205 206 188
NP_213762.1 162 135 98 164
NP_213763.1 48 55 51 61
NP_213764.1 31 59 62 60
NP_213765.1 109 82 76 95
NP_213766.1 420 336 292 297
NP_213767.1 177 192 190 190
NP_213768.1 48 22 34 36
NP_213769.1 30 49 42 23
NP_213770.1 141 158 171 150
NP_213771.1 112 118 133 116
NP_213772.1 110 124 121 123
NP_213773.1 102 143 105 118
NP_213774.1 81 108 66 72
NP_213775.1 53 47 48 58
NP_213776.1 107 112 115 94
NP_213777.1 104 101 96 105
NP_213778.1 112 84 115 162
NP_213779.1 125 103 94 119
NP_213780.1 71 114 65 98
NP_213781.1 93 122 108 121
NP_213782.1 106 125 139 140
NP_213783.1 149 125 183 152
NP_213784.1 294 251 236 192
NP_213785.1 128 132 131 123
NP_213786.1 120 111 137 122
NP_213787.1 151 138 120 122
NP_213788.1 157 165 190 185
NP_213789.1 108 112 151 85
NP_213790.1 345 325 342 385
NP_213791.1 48 42 48 21
NP_213792.1 70 54 87 81
NP_213793.1 107 107 124 106
NP_213794.1 129 74 105 84
NP_213795.1 71 59 42 76
NP_213796.1 18 31 27 15
NP_213797.1 183 141 161 168
NP_213798.1 36 49 38 49
NP_213799.1 72 58 77 67
NP_213800.1 146 184 111 122
NP_213801.1 44 27 30 45
NP_213802.1 123 114 89 120
NP_213803.1 50 67 33 44
NP_213804.1 115 142 120 111
NP_213805.1 157 198 150 147
NP_213806.1 14 19 14 17
NP_213807.1 35 31 29 39
NP_213808.1 61 51 43 30
NP_213809.1 155 170 206 151
NP_213810.1 101 118 104 113
NP_213811.1 38 44 46 37
NP_213812.1 62 49 43 54
NP_213813.1 219 186 194 177
NP_213814.1 104 82 137 99
NP_213815.1 38 37 26 18
NP_213816.1 56 51 65 83
NP_213817.1 57 57 69 43
NP_213818.1 110 106 87 127
NP_213819.1 77 68 89 66
NP_213820.1 86 79 101 60
NP_213821.1 25 31 42 21
NP_213822.1 144 188 163 184
NP_213823.1 121 124 127 167
NP_213824.1 107 98 95 96
NP_213825.1 36 44 44 55
NP_213826.1 131 137 101 136
NP_213827.1 88 79 72 67
NP_213828.1 57 97 78 68
NP_213829.1 198 206 162 200
NP_213830.1 116 155 119 124
NP_213831.1 82 85 92 78
NP_213832.1 66 82 85 79
NP_213833.1 70 69 48 58
NP_213834.1 134 146 120 166
NP_213835.1 121 130 121 103
NP_213836.1 56 76 63 58
NP_213837.1 58 91 71 65
NP_213838.1 88 119 129 84
NP_213839.1 133 112 133 130
NP_213840.1 100 123 115 115
NP_213841.1 57 81 65 73
NP_213842.1 93 92 94 103
NP_213843.1 98 78 99 87
NP_213844.1 274 268 275 303
NP_213845.1 137 146 116 125
NP_213846.1 51 66 68 46
NP_213847.1 55 54 59 48
NP_213848.1 26 29 43 32
NP_213849.1 61 83 80 63
NP_213850.1 39 28 43 29
NP_213851.1 253 222 227 267
NP_213852.1 55 54 37 70
NP_213853.1 87 110 101 93
NP_213854.1 81 68 62 61
NP_213855.1 63 56 69 84
NP_213856.1 61 53 66 70
NP_213857.1 43 55 39 52
NP_213858.1 50 44 63 40
NP_213859.1 26 22 42 45
NP_213860.1 205 225 215 213
NP_213861.1 86 92 100 105
NP_213862.1 151 137 132 135
NP_213863.1 88 77 76 91
NP_213864.1 140 108 153 134
NP_213865.1 197 170 170 189
NP_213866.1 54 36 39 34
NP_213867.1 92 90 85 105
NP_213868.1 166 164 163 185
NP_213869.1 75 59 57 73
NP_213870.1 177 190 195 177
NP_213871.1 76 58 55 59
NP_213872.1 146 132 153 120
NP_213873.1 17 38 33 28
NP_213874.1 91 100 69 82
NP_213875.1 131 186 128 153
NP_213876.1 118 93 97 94
NP_213877.1 50 47 54 70
NP_213878.1 133 102 106 133
NP_213879.1 117 143 123 111
NP_213880.1 32 68 61 43
NP_213881.1 141 121 126 127
NP_213882.1 114 73 79 76
NP_213883.1 86 57 53 84
NP_213884.1 191 160 179 193
NP_213885.1 118 127 129 114
NP_213886.1 55 48 45 40
NP_213887.1 206 236 2206 2446
NP_213888.1 62 60 44 62
NP_213889.1 215 229 278 280
NP_213890.1 253 243 257 258
NP_213891.1 37 32 21 20
NP_213892.1 92 69 54 69
NP_213893.1 53 58 70 102
NP_213894.1 140 125 101 111
NP_213895.1 120 124 97 107
NP_213896.1 82 90 72 103
NP_213897.1 50 43 42 27
NP_213898.1 87 57 42 49
NP_213899.1 160 165 172 146
NP_213900.1 129 116 125 103
NP_213901.1 55 48 51 77
NP_213902.1 30 30 38 59
NP_213903.1 44 54 28 24
NP_213904.1 114 132 110 106
NP_213905.1 116 181 134 178
NP_213906.1 131 150 126 107
NP_213907.1 54 65 73 74
NP_213908.1 41 51 63 43
NP_213909.1 43 36 40 51
NP_213910.1 77 63 70 87
NP_213911.1 225 230 251 217
NP_213912.1 91 86 84 73
NP_213913.1 128 122 98 93
NP_213914.1 92 92 106 97
NP_213915.1 151 121 142 173
NP_213916.1 93 76 96 71
NP_213917.1 168 172 168 147
NP_213918.1 108 66 108 134
NP_213919.1 122 113 90 116
NP_213920.1 115 127 132 117
NP_213921.1 54 63 59 59
NP_213922.1 138 161 153 131
NP_213923.1 67 84 71 62
NP_213924.1 57 57 40 41
NP_213925.1 64 80 77 54
NP_213926.1 58 51 43 41
NP_213927.1 34 41 57 32
NP_213928.1 72 70 59 76
NP_213929.1 173 165 148 144
NP_213930.1 99 148 107 100
NP_213931.1 35 26 34 44
NP_213932.1 77 67 106 96
NP_213933.1 38 44 43 43
NP_213934.1 191 154 147 107
NP_213935.1 106 109 128 108
NP_213936.1 52 52 48 50
NP_213937.1 143 126 128 138
NP_213938.1 97 105 85 100
NP_213939.1 55 55 42 60
NP_213940.1 66 71 62 66
NP_213941.1 139 187 97 155
NP_213942.1 54 61 49 56
NP_213943.1 119 94 111 116
NP_213944.1 72 53 50 50
NP_213945.1 75 73 62 81
NP_213946.1 48 49 59 34
NP_213947.1 151 132 99 167
NP_213950.1 69 58 57 69
NP_213951.1 39 57 41 52
NP_213952.1 24 15 19 15
NP_213953.1 110 108 126 129
NP_213954.1 146 138 134 156
NP_213955.1 145 151 122 178
NP_213956.1 42 33 17 42
NP_213957.1 73 68 75 64
NP_213958.1 28 28 41 30
NP_213959.1 96 94 99 90
NP_213960.1 87 101 85 94
NP_213961.1 0 0 0 0
NP_213962.1 113 86 115 112
NP_213963.1 207 191 219 195
NP_213964.2 42 54 29 40
NP_213965.1 180 193 251 219
NP_213966.1 81 103 93 108
NP_213967.1 187 213 195 189
NP_213968.1 70 108 120 103
NP_213969.1 49 76 68 60
NP_213970.1 80 71 50 78
NP_213971.1 221 211 185 283
NP_213972.1 64 89 51 107
NP_213973.1 20 25 22 13
NP_213974.1 128 121 134 116
NP_213975.1 134 131 101 132
NP_213976.1 364 324 362 340
NP_213977.1 33 35 51 45
NP_213978.1 46 49 47 44
NP_213979.1 118 68 78 78
NP_213980.1 42 63 63 49
NP_213981.1 178 172 135 153
NP_213982.1 85 92 74 68
NP_213983.1 149 106 123 118
NP_213984.1 30 39 16 34
NP_213985.1 111 102 113 94
NP_213986.1 72 43 45 40
NP_213987.1 85 90 117 69
NP_213988.1 38 48 43 29
NP_213989.1 50 44 37 27
NP_213990.1 34 40 30 38
NP_213991.1 13 18 12 14
NP_213992.1 88 94 95 69
NP_213993.1 224 143 214 165
NP_213994.1 186 165 150 157
NP_213995.1 329 312 289 329
NP_213996.1 50 61 54 61
NP_213997.1 226 247 217 225
NP_213998.1 52 44 71 69
NP_213999.1 205 186 176 200
NP_214000.1 49 74 38 49
NP_214001.1 142 152 129 140
NP_214002.1 96 59 94 89
NP_214003.1 91 98 85 80
NP_214004.1 84 85 122 87
NP_214005.1 72 85 92 90
NP_214007.1 211 233 190 155
NP_214008.1 111 94 105 95
NP_214009.1 70 52 83 72
NP_214010.1 40 69 48 54
NP_214011.1 30 23 49 45
NP_214012.1 76 54 75 54
NP_214013.1 121 101 119 115
NP_214014.1 138 161 121 131
NP_214015.1 118 145 142 138
NP_214016.1 68 94 103 61
NP_214017.1 127 144 165 146
NP_214018.1 72 68 46 55
NP_214019.1 81 93 94 103
NP_214020.1 71 82 73 106
NP_214021.1 59 59 51 58
NP_214022.1 58 66 63 35
NP_214023.1 61 52 39 30
NP_214024.1 61 50 57 57
NP_214025.1 45 62 47 48
NP_214026.1 26 22 30 36
NP_214027.1 157 173 166 158
NP_214028.1 67 74 76 82
NP_214029.1 190 173 139 169
NP_214030.1 142 155 134 139
NP_214031.1 53 30 41 48
NP_214032.2 43 37 60 52
NP_214033.1 108 89 83 88
NP_214034.1 39 56 44 32
NP_214035.1 56 98 68 45
NP_214036.1 75 81 101 103
NP_214037.1 112 122 115 115
NP_214038.1 79 77 58 66
NP_214039.1 117 151 125 130
NP_214040.1 202 245 210 173
NP_214041.1 90 73 38 64
NP_214042.1 76 83 68 109
NP_214043.1 103 61 90 63
NP_214044.1 88 63 63 74
NP_214045.1 143 113 178 146
NP_214046.1 29 42 59 50
NP_214047.1 56 45 65 43
NP_214048.1 136 132 179 116
NP_214049.1 199 175 207 209
NP_214050.1 40 44 79 73
NP_214051.1 110 78 99 94
NP_214052.1 86 120 86 104
NP_214053.1 82 84 74 81
NP_214054.1 101 102 90 132
NP_214055.1 93 93 48 87
NP_214056.1 102 69 87 94
NP_214057.1 52 59 64 56
NP_214058.1 122 97 110 146
NP_214059.1 132 128 147 121
NP_214060.1 22 19 34 30
NP_214061.1 107 114 69 112
NP_214062.1 60 50 40 65
NP_214063.1 98 90 75 109
NP_214064.1 150 97 147 139
NP_214065.1 96 69 103 107
NP_214066.1 63 50 61 60
NP_214067.1 68 85 75 99
NP_214068.1 36 25 56 40
NP_214069.1 31 33 30 22
NP_214070.1 91 93 96 87
NP_214071.1 75 65 117 70
NP_214072.1 88 123 70 101
NP_214073.1 110 94 96 124
NP_214074.1 79 53 57 27
NP_214075.1 143 138 145 140
NP_214076.1 138 168 136 178
NP_214077.1 440 492 425 401
NP_214078.1 92 112 94 116
NP_214079.1 3 6 1 12
NP_214080.1 51 58 35 50
NP_214081.1 36 40 37 41
NP_214082.1 80 66 61 83
NP_214083.1 96 132 172 123
NP_214084.1 54 65 48 58
NP_214085.1 72 70 72 61
NP_214086.1 67 60 48 40
NP_214087.1 69 33 58 53
NP_214088.1 63 57 77 75
NP_214089.1 103 161 145 133
NP_214090.1 39 31 45 63
NP_214091.1 29 73 56 49
NP_214092.1 70 77 36 47
NP_214093.1 42 24 35 61
NP_214096.1 108 129 134 101
NP_214097.1 73 50 60 75
NP_214098.1 65 82 102 95
NP_214099.1 44 26 65 45
NP_214100.1 63 89 65 68
NP_214101.1 78 74 109 70
NP_214102.1 35 66 45 60
NP_214103.1 63 58 72 71
NP_214104.1 77 30 50 62
NP_214105.1 49 65 54 58
NP_214106.1 44 46 61 67
NP_214107.1 168 123 127 137
NP_214108.1 91 55 56 56
NP_214109.1 193 236 175 213
NP_214110.1 118 143 121 158
NP_214111.1 141 148 136 123
NP_214112.1 95 93 84 104
NP_214113.1 64 77 60 61
NP_214114.1 33 20 43 32
NP_214115.1 65 88 122 99
NP_214116.1 75 99 73 73
NP_214117.1 108 93 119 95
NP_214118.1 39 58 51 62
NP_214119.1 96 103 112 141
NP_214120.1 97 93 134 120
NP_214121.1 74 89 91 88
NP_214122.1 225 295 226 270
NP_214123.1 99 125 125 94
NP_214124.1 0 0 0 0
NP_214125.1 95 89 74 86
NP_214126.1 19 23 29 20
NP_214127.1 49 41 45 30
NP_214128.1 22 25 29 38
NP_214129.1 69 72 55 79
NP_214130.1 51 29 28 34
NP_214131.1 41 59 44 76
NP_214132.1 60 40 52 57
NP_214133.1 18 27 18 41
NP_214134.1 49 58 42 44
NP_214135.1 37 40 32 32
NP_214136.1 39 32 36 43
NP_214137.1 44 56 45 46
NP_214138.1 105 100 90 108
NP_214139.1 40 41 59 46
NP_214140.1 74 77 52 49
NP_214141.1 86 68 71 74
NP_214142.1 62 58 64 73
NP_214143.1 89 70 58 60
NP_214144.1 128 102 134 122
NP_214145.1 133 117 149 122
NP_214146.1 131 144 120 124
NP_214147.1 97 105 106 88
NP_214148.1 44 56 50 40
NP_214149.1 203 171 144 183
NP_214150.1 92 60 103 83
NP_214151.1 39 49 49 43
NP_214152.1 110 106 131 124
NP_214153.1 52 42 55 55
NP_214154.1 257 261 275 277
NP_214155.1 164 184 203 186
NP_214156.1 71 64 65 42
NP_214157.1 79 63 62 90
NP_214158.1 104 113 98 108
NP_214159.1 176 159 190 174
NP_214160.1 262 260 270 270
NP_214161.1 145 140 151 154
NP_214162.1 163 160 158 154
NP_214163.1 39 35 33 34
NP_214164.1 68 74 61 78
NP_214165.1 53 73 79 91
NP_214166.1 101 102 112 93
NP_214167.1 127 146 113 131
NP_214168.1 81 103 83 90
NP_214169.1 43 49 42 37
NP_214170.1 71 61 58 62
NP_214171.1 102 76 81 99
NP_214172.1 227 174 243 272
NP_214173.1 96 123 61 93
NP_214174.1 135 113 105 112
NP_214175.1 47 58 59 50
NP_214176.1 76 67 61 79
NP_214177.1 19 16 36 18
NP_214178.1 143 112 115 135
NP_214179.1 52 48 40 44
NP_214180.1 25 49 46 34
NP_214181.1 154 144 132 133
NP_214182.1 108 115 104 118
NP_214183.1 111 90 116 128
NP_214184.1 189 188 232 163
NP_214185.1 98 85 115 93
NP_214186.1 191 225 244 238
NP_214187.1 67 71 42 59
NP_214188.1 203 162 184 161
NP_214189.1 108 127 154 130
NP_214190.1 116 110 124 120
NP_214191.1 87 83 99 80
NP_214192.1 40 52 55 56
NP_214193.1 43 60 47 58
NP_214194.1 86 83 67 85
NP_214195.1 120 89 138 81
NP_214196.1 74 56 65 69
NP_214197.1 171 143 149 156
NP_214198.1 133 118 123 102
NP_214199.1 63 55 40 42
NP_214200.1 44 58 39 33
NP_214201.1 109 109 103 116
NP_214202.1 103 92 80 96
NP_214203.1 47 45 47 53
NP_214204.1 117 108 92 89
NP_214205.1 97 81 94 89
NP_214206.1 234 175 219 216
NP_214207.1 122 90 122 106
NP_214208.1 250 234 210 220
NP_214209.1 35 27 46 30
NP_214210.1 83 96 54 66
NP_214211.1 129 163 112 146
NP_214212.1 98 82 90 111
NP_214213.1 69 67 57 77
NP_214214.1 88 91 113 84
NP_214215.1 73 83 54 65
NP_214216.1 21 36 17 25
NP_214218.1 73 78 65 41
NP_214219.1 48 68 54 49
NP_214220.1 72 69 75 82
NP_214221.1 100 78 94 109
NP_214222.1 195 225 182 256
NP_214223.1 111 78 63 59
NP_214224.1 157 147 130 138
NP_214225.1 116 89 99 117
NP_214226.1 47 57 41 33
NP_214227.1 155 133 146 158
NP_214228.1 75 98 63 65
NP_214229.1 85 87 86 89
NP_214230.1 65 33 59 58
NP_214231.1 137 101 95 118
NP_214232.1 32 49 37 33
NP_214233.1 65 101 81 101
NP_214234.1 107 106 102 94
NP_214235.1 50 27 32 52
NP_214236.1 54 42 37 37
NP_214237.1 150 210 165 154
NP_214238.1 60 95 72 62
NP_214239.1 75 95 98 85
NP_214240.1 38 28 38 32
NP_214241.1 52 67 45 36
NP_214242.1 45 27 48 37
NP_214243.1 97 145 122 120
NP_214244.1 70 71 54 71
NP_214245.1 54 36 61 49
NP_214246.1 83 55 76 83
NP_214247.1 96 72 99 102
NP_214248.1 135 118 92 129
NP_214249.1 56 46 65 52
NP_214251.1 104 96 108 98
NP_214252.1 84 97 79 101
NP_214253.1 122 117 120 129
NP_214254.1 74 93 93 81
NP_214255.1 28 66 41 41
NP_214256.1 9 10 5 8
NP_214257.1 19 40 56 53
NP_214258.1 236 172 227 236
NP_214259.1 41 33 39 59
NP_214260.1 87 77 95 101
NP_214261.1 41 27 43 36
NP_214262.1 19 20 21 24
NP_214263.1 111 100 124 91
NP_214264.1 88 70 84 78
NP_214265.1 97 128 131 131
NP_214266.1 40 74 62 54
NP_214267.1 81 63 57 71
NP_214268.1 34 31 19 28
NP_214269.1 48 59 86 64
NP_214270.1 54 40 71 69
NP_214271.1 71 61 59 44
NP_214272.1 204 190 199 238
NP_214273.1 59 68 61 59
NP_214274.1 39 71 36 42
NP_214275.1 144 138 133 128
NP_214276.1 195 177 204 235
NP_214277.1 40 22 38 31
NP_214278.1 80 71 71 58
NP_214279.1 155 158 125 143
NP_214280.1 50 54 33 61
NP_214281.1 124 106 76 83
NP_214282.1 144 137 101 145
NP_214283.1 159 118 132 149
NP_214284.1 97 100 126 73
NP_214285.1 37 26 43 39
NP_214286.1 341 305 252 340
NP_214287.1 133 120 150 131
NP_214288.1 104 149 118 108
NP_214289.1 100 106 79 91
NP_214290.1 40 55 34 34
NP_214291.1 42 42 24 54
NP_214292.1 117 103 115 87
NP_214293.1 111 83 100 85
NP_214294.1 92 80 76 78
NP_214295.1 100 109 132 91
NP_214296.1 104 96 71 107
NP_214297.1 98 102 109 89
NP_214298.1 84 71 91 78
NP_214299.1 69 78 104 78
NP_214300.1 110 139 110 125
NP_214301.1 93 101 66 116
NP_214302.1 79 84 64 82
NP_214303.1 133 112 91 105
NP_214304.1 97 81 65 79
NP_214305.1 98 111 92 107
NP_214306.1 49 77 54 54
NP_214307.1 55 45 42 65
NP_214308.1 162 144 128 133
NP_214309.1 177 201 165 160
NP_214310.1 69 52 48 68
NP_214311.1 118 102 139 112
NP_214312.1 77 72 95 66
NP_214313.1 73 98 112 131
NP_214314.1 157 175 127 156
NP_214315.1 38 37 54 43
NP_214316.1 100 56 86 97
NP_214317.1 133 122 135 124
NP_214318.1 78 75 74 69
NP_214319.1 102 99 64 88
NP_214320.1 89 85 80 80
NP_214321.1 91 60 78 79
NP_214322.1 153 150 167 164
NP_214323.1 9 3 10 9
NP_214324.1 22 12 15 14
NP_214325.1 31 18 23 8
NP_214326.1 77 65 101 53
NP_214327.1 56 48 71 31
NP_214328.1 62 66 87 77
NP_214329.1 46 65 80 67
NP_214330.1 39 39 50 43
NP_214331.1 432 482 441 491
NP_214332.1 484 433 477 459
NP_214333.1 210 194 164 167
NP_214334.1 76 113 75 98
NP_214335.1 48 46 48 44
NP_214336.1 40 36 36 49
NP_214337.1 77 63 73 63
NP_214338.1 87 56 83 77
NP_214339.1 101 114 118 97
NP_214340.1 52 29 50 52
NP_214341.1 80 89 72 98
NP_214342.1 71 84 106 73
NP_214343.1 28 30 17 31
NP_214344.1 196 145 163 132
NP_214345.1 108 154 127 133
NP_214346.1 34 44 36 33
NP_214347.1 72 53 77 68
NP_214348.1 159 167 188 186
NP_214349.1 68 51 57 50
NP_214350.1 122 114 122 112
NP_214351.1 192 124 211 160
NP_214352.1 60 67 83 88
NP_214353.1 31 23 41 32
NP_214354.1 64 60 57 53
NP_214355.1 92 50 45 87
NP_214356.1 47 36 33 38
NP_214357.1 65 98 65 60
NP_214358.1 75 97 97 107
NP_214359.1 65 59 52 40
NP_214360.1 84 54 94 74
NP_214361.1 50 65 68 41
NP_214362.1 82 87 60 89
NP_214363.1 44 36 45 29
NP_214364.1 57 37 64 57
NP_214365.1 246 269 251 238
NP_214366.1 57 76 61 60
NP_214367.1 85 85 94 93
NP_214368.1 75 57 53 43
NP_214369.1 105 72 75 90
NP_214370.1 68 75 72 56
NP_214371.1 78 65 61 59
NP_214372.1 149 146 199 135
NP_214373.1 40 42 36 15
NP_214374.1 134 131 97 140
NP_214375.1 47 40 60 19
NP_214378.1 76 65 51 81
NP_214379.1 80 81 117 88
NP_214380.1 255 305 314 274
NP_214381.1 37 46 32 39
NP_214382.1 129 99 98 84
NP_214383.1 123 139 158 180
NP_214384.1 89 83 111 110
NP_214385.1 111 114 84 80
NP_214386.1 92 93 93 98
NP_214387.1 19 33 37 36
NP_214388.1 95 109 113 113
NP_214389.1 144 111 118 129
NP_214390.1 115 126 125 135
NP_214391.1 62 48 39 43
NP_214392.1 122 116 136 127
NP_214394.1 276 253 275 271
NP_214395.1 62 58 61 50
NP_214396.1 63 66 68 49
NP_214397.1 153 123 131 190
NP_214398.1 72 97 85 119
NP_214399.1 50 60 37 58
NP_214400.1 103 101 92 85
NP_214401.1 149 109 72 121
NP_214402.1 98 144 105 106
NP_214403.1 205 231 216 216
NP_214404.1 59 64 53 47
NP_214405.1 55 79 71 64
NP_214406.1 219 229 217 216
NP_214407.1 290 344 333 339
NP_214408.1 48 42 75 54
NP_214409.1 160 153 135 157
NP_214410.1 72 60 71 63
NP_214411.1 57 75 51 65
NP_214412.1 145 138 133 133
NP_214413.1 37 16 39 27
NP_214414.1 127 156 141 149
NP_214415.1 42 42 32 59
NP_214416.2 28 32 22 37
NP_214417.1 84 85 103 57
NP_214418.1 123 163 98 89
NP_214419.1 120 112 102 98
NP_214420.1 132 114 131 107
NP_214421.1 123 142 155 118
NP_214422.1 52 84 62 73
NP_214423.1 148 146 161 196
NP_214424.1 94 93 86 102
NP_214425.1 166 145 156 176
NP_214426.1 122 129 104 91
NP_214427.1 50 46 55 40
NP_214428.1 42 38 38 33
NP_214429.1 53 53 37 33
NP_214430.1 41 51 42 44
NP_214431.1 126 140 169 170
NP_214432.1 53 75 92 62
NP_214433.1 129 141 138 118
NP_214434.1 40 45 29 24
NP_214435.1 46 70 59 38
NP_214436.1 77 64 100 106
NP_214437.1 149 152 151 171
NP_214438.1 168 216 158 172
NP_214439.1 68 58 70 85
NP_214443.1 188 153 184 149
NP_214444.1 53 65 57 63
NP_214445.1 100 92 120 89
NP_214446.1 82 79 122 76
NP_214447.1 88 80 74 88
NP_214448.1 159 137 154 140
NP_214449.1 86 113 137 103
NP_214450.1 68 65 79 57
NP_214451.1 38 41 37 61
NP_214452.1 113 92 110 87
NP_214453.1 149 161 138 133
NP_214454.1 90 113 92 98
NP_214455.1 113 128 126 112
NP_214456.1 148 158 197 157
NP_214457.1 54 42 50 45
NP_214458.1 96 83 68 77
NP_214459.1 93 94 102 89
NP_214460.1 90 86 100 70
NP_214461.1 28 33 52 45
NP_214462.1 40 59 71 58
NP_214463.1 72 74 65 81
NP_214464.1 53 73 70 53
NP_214465.1 53 76 67 79
NP_214466.1 30 46 41 41
NP_214467.1 169 201 197 186
NP_214468.1 264 256 265 267
NP_214469.1 125 75 120 87
NP_214470.1 57 74 99 67
NP_214471.1 191 208 210 204
NP_214472.1 56 52 75 62
NP_214473.1 25 31 24 20
NP_214474.1 128 106 96 143
NP_214475.1 127 89 97 101
NP_214476.1 41 65 68 70
NP_214477.1 51 38 59 49
NP_214478.1 167 135 141 177
NP_214479.1 51 45 58 43
NP_214480.1 172 182 164 162
NP_214481.1 57 58 82 67
NP_214482.1 64 77 60 70
NP_214483.1 67 44 55 57
NP_214484.1 58 62 83 64
NP_214485.1 60 84 60 71
NP_214486.1 74 123 93 71
NP_214487.1 138 142 154 132
NP_214488.1 74 112 79 81
NP_214489.1 54 72 47 45
NP_214490.1 39 44 52 68
NP_214491.1 51 39 36 36
NP_214492.1 30 27 32 35
NP_214493.1 114 104 82 81
NP_214494.1 43 79 98 37
NP_214495.1 82 98 105 66
NP_214496.1 67 45 48 65
NP_214497.1 51 46 36 57
NP_214498.1 112 98 81 75
NP_214499.1 68 51 53 49
NP_214500.1 107 138 115 148
NP_214501.1 63 51 73 84
NP_214502.1 65 113 106 71
NP_214503.1 91 61 65 74
NP_214506.1 178 170 150 195
NP_214507.1 76 94 65 58
NP_214508.1 76 85 61 99
NP_214509.1 78 85 73 88
NP_214510.1 54 61 60 52
NP_214511.1 29 35 56 56
NP_214512.1 166 147 178 143
NP_214513.1 0 0 0 0
NP_214514.1 0 0 0 0
NP_Unk01 1590 1588 354 315
NP_Unk02 1475 1536 296 314
YP_008920727.1 19 49 12 35
YP_008920728.1 18 21 27 22
YP_008920729.1 10 35 40 35
YP_008920730.1 21 18 28 10
YP_008920731.1 30 19 45 18
YP_008920732.1 8 11 20 26
YP_008920733.1 44 28 40 29
YP_008920734.1 28 17 34 23
YP_008920735.1 19 18 21 29
YP_008920736.1 43 56 51 56
YP_008920737.1 26 7 26 25
YP_008920738.1 12 16 16 25
__no_feature 144124 143049 143045 144359
__ambiguous 1024 1006 1023 1022
__too_low_aQual 1364 1358 1483 1435
__not_aligned 10 8 7 17
__alignment_not_unique 0 0 0 0
